42 50 0.50
5
9
9
30.52 29.61
30.42 25.00
29.66 23.57
29.11 19.85
27.14 20.08
27.17 17.23
22.18 16.99
16.37 6.11
7.97 1.43
6
6
36.55 22.20
36.22 21.35
25.22 23.57
22.27 16.99
16.44 6.02
5.89 0.24
9
9
27.16 3.82
27.23 16.46
29.18 16.54
29.53 19.65
36.54 18.69
36.60 22.15
37.16 23.06
35.41 27.71
39.06 31.74
7
7
41.51 5.63
37.51 6.54
37.51 12.23
36.47 18.69
36.47 22.08
35.48 27.92
30.59 32.57
7
7
25.75 2.50
21.48 2.79
15.05 5.29
13.08 4.24
5.66 10.90
4.82 25.36
2.94 26.46
50
22 48
36 4
9 30
9 40
28 23
27 38
22 12
37 1
19 13
28 21
16 27
17 29
20 5
23 34
38 15
41 14
36 40
22 20
8 34
34 41
3 48
40 40
11 42
35 49
12 20
14 3
12 25
31 0
41 11
36 24
7 41
33 16
9 28
34 10
4 15
28 31
40 29
23 31
7 23
26 28
26 39
2 24
40 30
33 1
7 31
23 27
12 3
36 43
40 32
38 11